==========================================================================
==========================================================================
Analysis for classifier with default values : RandomForestClassifier
[[  23    0    0    0    0    0    0]
 [   0  168    0    0    0    0    0]
 [   0    0 1725    0    0    0    0]
 [   0    0    0 2257    0    0    0]
 [   0    0    0    0  868    0    0]
 [   0    0    0    0    0  152    0]
 [   0    0    0    0    0    0    4]]
F1 score is 1.0
==========================================================================
Analysis for classifier with default values : SVC
[[  23    0    0    0    0    0    0]
 [   0  166    1    1    0    0    0]
 [   0    0 1710   15    0    0    0]
 [   0    0   14 2237    6    0    0]
 [   0    0    0    8  860    0    0]
 [   0    0    0    0    1  151    0]
 [   0    0    0    0    0    0    4]]
F1 score is 0.9911487396574947
==========================================================================
(413,)
confusion matrix for combination is :
[[  0   0   2   5   0   0   0]
 [  1   8  30   9   0   0   0]
 [  0   7 298 106   2   0   0]
 [  0   4  88 451  35   1   0]
 [  0   0   5  93 113   0   0]
 [  0   0   0  16   8  17   0]
 [  0   0   0   1   0   0   0]]
F1 score for combined is 0.6823076923076923
accuracies for combined model are [1.         1.         0.99884393]
accuracy values on k-fold cross validation have mean as   0.999615 and std as  0.0
