==========================================================================
==========================================================================
Analysis for classifier with default values : RandomForestClassifier
[[  23    0    0    0    0    0    0]
 [   0  168    0    0    0    0    0]
 [   0    0 1725    0    0    0    0]
 [   0    0    0 2257    0    0    0]
 [   0    0    0    0  868    0    0]
 [   0    0    0    0    0  152    0]
 [   0    0    0    0    0    0    4]]
F1 score is 1.0
==========================================================================
Analysis for classifier with default values : SVC
[[  23    0    0    0    0    0    0]
 [   0  166    1    1    0    0    0]
 [   0    0 1710   15    0    0    0]
 [   0    0   14 2237    6    0    0]
 [   0    0    0    8  860    0    0]
 [   0    0    0    0    1  151    0]
 [   0    0    0    0    0    0    4]]
F1 score is 0.9911487396574947
==========================================================================
(423,)
confusion matrix for combination is :
[[  0   0   3   4   0   0   0]
 [  0   6  31  11   0   0   0]
 [  0   3 293 115   2   0   0]
 [  0   4  83 453  35   4   0]
 [  0   0   7  92 107   5   0]
 [  0   0   0  16   7  18   0]
 [  0   0   0   1   0   0   0]]
F1 score for combined is 0.6746153846153846
accuracies for combined model are [1.         1.         0.99942263]
accuracy values on k-fold cross validation have mean as   0.999808 and std as  0.0
